100126
100563
101011
101440
104256
106333
108541
112954
112991
113604
113622
113754
113879
113909
114354
114358
115024
115415
115430
116121
116619
116798
116863
118863
119466
124354
127132
127233
127273
127532
127780
128270
129527
131682
134820
134832
145476
145477
147988
147996
148196
148467
156742
157290
157935
158151
158156
161612
162002
162275
162905
162906
163103
163267
163268
163673
164722
165173
169914
172844
178422
203083
206199
206263
206370
206434
229493
230297
230409
231298
231784
231788
233762
237682
237792
238766
244140
245675
254058
255115
259825
259826
259830
A24365
A26562
A32871
A33842
A61048
A71676
A79548
A85878
A85879
62811
181422
ADT-7122
C94503
105970
35903
36073
36044
36051
36067
35955
118244
241196
181463
D90671
42961
239749
240397
63839
181501
181117
181118
127469
180857
12.03.013
158915
128268
128271
114352
114355
114348
160404
114351
123402
113802
35471
35501
35493
35435
45391
36848
36015
36021
35910
35671
213561
181926
181945-SS
124466
113604
177644
206263
206370































































































































































































































































































































































































































































































































































































































































































